specs/email-sending.openapi.yml
  ai_agent 6,19,29-30,58,60,62,69,76,80,189,191,202,206,215-217,224,240,322,327,329-331,338,433,436,445-447,454,545,557,559-560,567,571,578,586,588-589,591,597,607,610-611,618,736,764,768-769,776,779,793,795,802,820,859,861,868,878,1145,1319,1363,1377,1422,1474,1526,1561,1569,1608,2004-2005,2008,2059-2061,2136,2148,2154,2157-2158,2285,2733,2764,2779,2817,2847,3136-3137,3399,3531-3532,3536,3548-3549,3558
specs/sandbox.openapi.yml
  ai_agent 25-27,29,33,35,38,46,59,61-62,64,67,76,164,308,425,700,827,829-830,832,839,845-846,849,856,861,865-866,982,984-985,987,990,1001,1095,1097-1098,1100,1103,1114,1206,1208-1209,1211,1218,1226-1227,1231,1242,1246-1247,1364,1366-1367,1369-1370,1372,1375,1386,1480,1482-1483,1486,1488,1491,1502,1596,1598-1599,1602,1604,1607,1618,1712,1714-1715,1718,1720,1723,1734,1819,1821-1822,1825,1827,1830,1841,1927,1929-1930,1942,1945,1961-1965,1996,2099,2129,2183,2197-2201,2219,2226,2348,2351,2364,2418,2432-2436,2453,2557,2559,2561,2564,2575,2578,2594-2598,2620,2625,2761-2762,2807,2926,2928,2930,3004,3086,3088,3090,3186,3266,3268,3270,3317,3397,3399,3401,3492,3572,3574,3576,3646,3722,3724,3726,3794,3875,3877,3879,3971,4051,4053,4055,4099,4179,4181,4184,4242,4257,4262,4343,4345,4397,4412,4417,4500,4505-4506,4509,4514,4613,4617,4635,4661-4662,4674,4735,4784,4795,4797,4835,4842,4844,4881-4882,4885,4918,5013,5015-5016,5022,5024-5026,5028-5029,5033,5035-5037
---
{
  "schema_version": "authorship/3.0.0",
  "git_ai_version": "1.4.8",
  "base_commit_sha": "bdf62bd7e491a61672cc93f8a4503e50e1f4afe7",
  "prompts": {}
}